1.125
9
8
55
1.272e-018
0.0018553
0.0050745
0.009479
0.014433
0.018822
0.021137
0.019699
0.012977
-1.1372e-017
-0.019243
-0.043467
-0.069913
-0.094399
-0.11163
-0.11578
-0.10123
-0.06349
2.6865e-017
0.089136
0.20078
0.32877
0.46431
0.59682
0.71506
0.80844
0.86828
0.88889
0.86828
0.80844
0.71506
0.59682
0.46431
0.32877
0.20078
0.089136
2.6865e-017
-0.06349
-0.10123
-0.11578
-0.11163
-0.094399
-0.069913
-0.043467
-0.019243
-1.1372e-017
0.012977
0.019699
0.021137
0.018822
0.014433
0.009479
0.0050745
0.0018553
1.272e-018
